 SEAS  YR   TOTAL   ANOM
  01 1950  25.17  -1.34
  02 1950  25.75  -1.16
  03 1950  26.12  -1.18
  04 1950  26.32  -1.07
  05 1950  26.31  -0.85
  06 1950  26.21  -0.54
  07 1950  25.96  -0.42
  08 1950  25.76  -0.39
  09 1950  25.63  -0.44
  10 1950  25.48  -0.60
  11 1950  25.34  -0.80
  12 1951  25.42  -0.82
  01 1951  25.96  -0.54
  02 1951  26.74  -0.17
  03 1951  27.48   0.18
  04 1951  27.75   0.36
  05 1951  27.75   0.58
  06 1951  27.44   0.70
  07 1951  27.28   0.89
  08 1951  27.14   0.99
  09 1951  27.22   1.15
  10 1951  27.12   1.04
  11 1951  26.95   0.81
  12 1952  26.78   0.53
  01 1952  26.87   0.37
  02 1952  27.25   0.34
  03 1952  27.60   0.29
  04 1952  27.59   0.20
  05 1952  27.17   0.00
  06 1952  26.67  -0.08
  07 1952  26.39   0.00
  08 1952  26.30   0.15
  09 1952  26.17   0.10
  10 1952  26.13   0.04
  11 1952  26.29   0.15
  12 1953  26.65   0.40
  01 1953  27.10   0.60
  02 1953  27.53   0.63
  03 1953  27.96   0.66
  04 1953  28.14   0.75
  05 1953  27.94   0.77
  06 1953  27.49   0.75
  07 1953  27.12   0.73
  08 1953  26.93   0.78
  09 1953  26.91   0.84
  10 1953  26.92   0.84
  11 1953  26.95   0.81
  12 1954  27.00   0.76
  01 1954  26.97   0.47
  02 1954  26.86  -0.05
  03 1954  26.89  -0.41
  04 1954  26.85  -0.54
  05 1954  26.67  -0.50
  06 1954  26.10  -0.64
  07 1954  25.54  -0.84
  08 1954  25.25  -0.90
  09 1954  25.30  -0.77
  10 1954  25.35  -0.73
  11 1954  25.48  -0.66
  12 1955  25.57  -0.68
  01 1955  25.89  -0.62
  02 1955  26.22  -0.69
  03 1955  26.50  -0.80
  04 1955  26.60  -0.79
  05 1955  26.45  -0.72
  06 1955  26.06  -0.68
  07 1955  25.64  -0.75
  08 1955  25.06  -1.09
  09 1955  24.65  -1.42
  10 1955  24.41  -1.67
  11 1955  24.72  -1.47
  12 1956  25.23  -1.11
  01 1956  25.86  -0.76
  02 1956  26.37  -0.63
  03 1956  26.82  -0.54
  04 1956  26.93  -0.52
  05 1956  26.72  -0.51
  06 1956  26.23  -0.57
  07 1956  25.87  -0.55
  08 1956  25.71  -0.46
  09 1956  25.67  -0.42
  10 1956  25.67  -0.43
  11 1956  25.77  -0.43
  12 1957  26.09  -0.25
  01 1957  26.68   0.06
  02 1957  27.41   0.41
  03 1957  28.08   0.72
  04 1957  28.37   0.92
  05 1957  28.34   1.11
  06 1957  28.06   1.25
  07 1957  27.75   1.32
  08 1957  27.50   1.33
  09 1957  27.48   1.39
  10 1957  27.64   1.53
  11 1957  27.94   1.74
  12 1958  28.15   1.81
  01 1958  28.27   1.66
  02 1958  28.26   1.27
  03 1958  28.28   0.93
  04 1958  28.19   0.74
  05 1958  27.87   0.64
  06 1958  27.38   0.57
  07 1958  26.85   0.43
  08 1958  26.56   0.39
  09 1958  26.53   0.44
  10 1958  26.60   0.50
  11 1958  26.81   0.61
  12 1959  26.95   0.61
  01 1959  27.24   0.62
  02 1959  27.51   0.52
  03 1959  27.68   0.33
  04 1959  27.65   0.20
  05 1959  27.16  -0.07
  06 1959  26.63  -0.18
  07 1959  26.15  -0.28
  08 1959  26.08  -0.09
  09 1959  26.07  -0.03
  10 1959  26.15   0.05
  11 1959  26.16  -0.04
  12 1960  26.24  -0.10
  01 1960  26.51  -0.10
  02 1960  26.92  -0.07
  03 1960  27.39   0.03
  04 1960  27.47   0.02
  05 1960  27.26   0.03
  06 1960  26.93   0.13
  07 1960  26.66   0.24
  08 1960  26.44   0.27
  09 1960  26.30   0.20
  10 1960  26.23   0.12
  11 1960  26.23   0.05
  12 1961  26.34   0.04
  01 1961  26.58   0.03
  02 1961  26.96   0.04
  03 1961  27.35   0.09
  04 1961  27.59   0.23
  05 1961  27.42   0.27
  06 1961  26.90   0.14
  07 1961  26.27  -0.13
  08 1961  25.89  -0.30
  09 1961  25.85  -0.26
  10 1961  25.91  -0.19
  11 1961  26.00  -0.16
  12 1962  26.05  -0.24
  01 1962  26.32  -0.22
  02 1962  26.71  -0.20
  03 1962  27.00  -0.26
  04 1962  27.09  -0.28
  05 1962  26.96  -0.20
  06 1962  26.72  -0.04
  07 1962  26.34  -0.07
  08 1962  26.07  -0.11
  09 1962  25.88  -0.22
  10 1962  25.79  -0.31
  11 1962  25.73  -0.43
  12 1963  25.89  -0.40
  01 1963  26.39  -0.15
  02 1963  27.07   0.15
  03 1963  27.53   0.27
  04 1963  27.68   0.31
  05 1963  27.67   0.52
  06 1963  27.62   0.86
  07 1963  27.54   1.14
  08 1963  27.40   1.22
  09 1963  27.40   1.29
  10 1963  27.47   1.37
  11 1963  27.47   1.31
  12 1964  27.36   1.07
  01 1964  27.16   0.62
  02 1964  27.03   0.12
  03 1964  26.93  -0.33
  04 1964  26.78  -0.58
  05 1964  26.57  -0.58
  06 1964  26.16  -0.60
  07 1964  25.74  -0.66
  08 1964  25.42  -0.76
  09 1964  25.31  -0.80
  10 1964  25.28  -0.82
  11 1964  25.38  -0.78
  12 1965  25.69  -0.59
  01 1965  26.27  -0.28
  02 1965  26.85  -0.07
  03 1965  27.44   0.18
  04 1965  27.82   0.46
  05 1965  27.99   0.83
  06 1965  27.98   1.22
  07 1965  27.95   1.54
  08 1965  28.04   1.85
  09 1965  28.09   1.98
  10 1965  28.07   1.97
  11 1965  27.91   1.72
  12 1966  27.72   1.37
  01 1966  27.81   1.17
  02 1966  27.98   0.98
  03 1966  27.97   0.66
  04 1966  27.78   0.35
  05 1966  27.50   0.24
  06 1966  27.14   0.24
  07 1966  26.69   0.12
  08 1966  26.32  -0.05
  09 1966  26.24  -0.10
  10 1966  26.16  -0.18
  11 1966  26.04  -0.30
  12 1967  26.01  -0.41
  01 1967  26.17  -0.48
  02 1967  26.46  -0.53
  03 1967  26.87  -0.45
  04 1967  27.19  -0.24
  05 1967  27.26  -0.00
  06 1967  26.95   0.05
  07 1967  26.41  -0.16
  08 1967  26.08  -0.30
  09 1967  25.96  -0.38
  10 1967  26.00  -0.34
  11 1967  25.90  -0.44
  12 1968  25.78  -0.64
  01 1968  25.91  -0.74
  02 1968  26.38  -0.62
  03 1968  26.88  -0.44
  04 1968  27.39  -0.04
  05 1968  27.54   0.28
  06 1968  27.48   0.58
  07 1968  27.10   0.53
  08 1968  26.82   0.45
  09 1968  26.89   0.55
  10 1968  27.07   0.73
  11 1968  27.32   0.98
  12 1969  27.54   1.13
  01 1969  27.73   1.09
  02 1969  27.94   0.95
  03 1969  28.09   0.77
  04 1969  28.04   0.61
  05 1969  27.69   0.43
  06 1969  27.26   0.36
  07 1969  27.08   0.51
  08 1969  27.17   0.79
  09 1969  27.20   0.86
  10 1969  27.14   0.81
  11 1969  26.98   0.63
  12 1970  26.93   0.51
  01 1970  26.98   0.34
  02 1970  27.29   0.29
  03 1970  27.51   0.19
  04 1970  27.47   0.04
  05 1970  26.96  -0.30
  06 1970  26.28  -0.63
  07 1970  25.81  -0.76
  08 1970  25.61  -0.77
  09 1970  25.60  -0.74
  10 1970  25.48  -0.86
  11 1970  25.22  -1.15
  12 1971  25.10  -1.36
  01 1971  25.32  -1.38
  02 1971  25.92  -1.12
  03 1971  26.51  -0.85
  04 1971  26.73  -0.73
  05 1971  26.56  -0.74
  06 1971  26.15  -0.80
  07 1971  25.86  -0.77
  08 1971  25.64  -0.82
  09 1971  25.58  -0.85
  10 1971  25.46  -0.96
  11 1971  25.52  -0.90
  12 1972  25.77  -0.71
  01 1972  26.35  -0.35
  02 1972  27.10   0.06
  03 1972  27.77   0.41
  04 1972  28.13   0.67
  05 1972  28.21   0.92
  06 1972  28.09   1.13
  07 1972  28.00   1.37
  08 1972  28.04   1.58
  09 1972  28.26   1.84
  10 1972  28.51   2.09
  11 1972  28.54   2.12
  12 1973  28.32   1.84
  01 1973  27.95   1.25
  02 1973  27.59   0.54
  03 1973  27.26  -0.10
  04 1973  26.92  -0.54
  05 1973  26.42  -0.87
  06 1973  25.84  -1.11
  07 1973  25.35  -1.28
  08 1973  25.01  -1.45
  09 1973  24.71  -1.71
  10 1973  24.47  -1.95
  11 1973  24.38  -2.03
  12 1974  24.64  -1.84
  01 1974  25.14  -1.55
  02 1974  25.82  -1.23
  03 1974  26.33  -1.03
  04 1974  26.55  -0.91
  05 1974  26.52  -0.77
  06 1974  26.42  -0.53
  07 1974  26.26  -0.37
  08 1974  26.06  -0.41
  09 1974  25.82  -0.61
  10 1974  25.67  -0.75
  11 1974  25.78  -0.64
  12 1975  25.94  -0.54
  01 1975  26.13  -0.57
  02 1975  26.39  -0.65
  03 1975  26.63  -0.73
  04 1975  26.64  -0.83
  05 1975  26.31  -0.98
  06 1975  25.82  -1.13
  07 1975  25.43  -1.20
  08 1975  25.09  -1.37
  09 1975  25.00  -1.43
  10 1975  24.87  -1.55
  11 1975  24.75  -1.65
  12 1976  24.90  -1.56
  01 1976  25.50  -1.17
  02 1976  26.28  -0.73
  03 1976  26.85  -0.47
  04 1976  27.15  -0.28
  05 1976  27.22  -0.05
  06 1976  27.15   0.18
  07 1976  27.04   0.35
  08 1976  27.15   0.62
  09 1976  27.29   0.81
  10 1976  27.32   0.86
  11 1976  27.27   0.85
  12 1977  27.18   0.71
  01 1977  27.31   0.64
  02 1977  27.35   0.34
  03 1977  27.55   0.23
  04 1977  27.64   0.21
  05 1977  27.61   0.34
  06 1977  27.32   0.35
  07 1977  27.11   0.42
  08 1977  27.10   0.57
  09 1977  27.21   0.73
  10 1977  27.27   0.81
  11 1977  27.21   0.79
  12 1978  27.15   0.69
  01 1978  27.09   0.42
  02 1978  27.08   0.06
  03 1978  27.14  -0.18
  04 1978  27.11  -0.31
  05 1978  26.98  -0.29
  06 1978  26.61  -0.36
  07 1978  26.27  -0.42
  08 1978  26.11  -0.42
  09 1978  26.19  -0.29
  10 1978  26.37  -0.08
  11 1978  26.43   0.00
  12 1979  26.50   0.03
  01 1979  26.75   0.07
  02 1979  27.22   0.20
  03 1979  27.60   0.28
  04 1979  27.66   0.23
  05 1979  27.32   0.05
  06 1979  27.00   0.04
  07 1979  26.86   0.17
  08 1979  26.86   0.33
  09 1979  26.94   0.45
  10 1979  26.98   0.52
  11 1979  27.06   0.64
  12 1980  27.06   0.59
  01 1980  27.13   0.46
  02 1980  27.35   0.34
  03 1980  27.70   0.38
  04 1980  27.90   0.48
  05 1980  27.73   0.46
  06 1980  27.22   0.25
  07 1980  26.72   0.03
  08 1980  26.46  -0.07
  09 1980  26.50   0.02
  10 1980  26.57   0.11
  11 1980  26.48  -0.01
  12 1981  26.32  -0.26
  01 1981  26.32  -0.50
  02 1981  26.69  -0.47
  03 1981  27.11  -0.37
  04 1981  27.31  -0.26
  05 1981  27.09  -0.29
  06 1981  26.75  -0.30
  07 1981  26.50  -0.25
  08 1981  26.42  -0.16
  09 1981  26.41  -0.13
  10 1981  26.37  -0.15
  11 1981  26.46  -0.08
  12 1982  26.56  -0.05
  01 1982  26.90   0.07
  02 1982  27.35   0.19
  03 1982  27.95   0.47
  04 1982  28.23   0.66
  05 1982  28.10   0.72
  06 1982  27.83   0.79
  07 1982  27.81   1.07
  08 1982  28.16   1.58
  09 1982  28.50   1.97
  10 1982  28.70   2.18
  11 1982  28.76   2.23
  12 1983  28.79   2.18
  01 1983  28.75   1.92
  02 1983  28.71   1.54
  03 1983  28.76   1.29
  04 1983  28.63   1.06
  05 1983  28.10   0.72
  06 1983  27.36   0.31
  07 1983  26.66  -0.08
  08 1983  26.12  -0.46
  09 1983  25.73  -0.81
  10 1983  25.52  -1.00
  11 1983  25.62  -0.91
  12 1984  26.01  -0.60
  01 1984  26.41  -0.42
  02 1984  26.83  -0.34
  03 1984  27.04  -0.43
  04 1984  27.06  -0.51
  05 1984  26.94  -0.45
  06 1984  26.74  -0.30
  07 1984  26.59  -0.16
  08 1984  26.34  -0.24
  09 1984  25.98  -0.56
  10 1984  25.61  -0.92
  11 1984  25.39  -1.14
  12 1985  25.56  -1.04
  01 1985  25.98  -0.85
  02 1985  26.40  -0.77
  03 1985  26.69  -0.78
  04 1985  26.79  -0.78
  05 1985  26.76  -0.63
  06 1985  26.55  -0.49
  07 1985  26.29  -0.46
  08 1985  26.18  -0.40
  09 1985  26.19  -0.35
  10 1985  26.25  -0.27
  11 1985  26.14  -0.36
  12 1986  26.05  -0.49
  01 1986  26.28  -0.47
  02 1986  26.81  -0.31
  03 1986  27.26  -0.20
  04 1986  27.44  -0.12
  05 1986  27.34  -0.04
  06 1986  27.26   0.22
  07 1986  27.20   0.44
  08 1986  27.31   0.71
  09 1986  27.49   0.94
  10 1986  27.64   1.14
  11 1986  27.70   1.22
  12 1987  27.76   1.23
  01 1987  27.95   1.19
  02 1987  28.19   1.06
  03 1987  28.41   0.95
  04 1987  28.53   0.97
  05 1987  28.59   1.22
  06 1987  28.54   1.51
  07 1987  28.45   1.70
  08 1987  28.24   1.65
  09 1987  28.03   1.48
  10 1987  27.76   1.25
  11 1987  27.59   1.11
  12 1988  27.34   0.81
  01 1988  27.29   0.54
  02 1988  27.27   0.14
  03 1988  27.15  -0.31
  04 1988  26.69  -0.88
  05 1988  26.08  -1.30
  06 1988  25.74  -1.30
  07 1988  25.65  -1.11
  08 1988  25.40  -1.19
  09 1988  25.07  -1.48
  10 1988  24.71  -1.80
  11 1988  24.63  -1.85
  12 1989  24.84  -1.69
  01 1989  25.32  -1.43
  02 1989  26.04  -1.08
  03 1989  26.64  -0.83
  04 1989  26.99  -0.58
  05 1989  26.97  -0.40
  06 1989  26.73  -0.31
  07 1989  26.48  -0.27
  08 1989  26.35  -0.24
  09 1989  26.33  -0.22
  10 1989  26.34  -0.16
  11 1989  26.43  -0.05
  12 1990  26.67   0.14
  01 1990  26.96   0.21
  02 1990  27.41   0.28
  03 1990  27.75   0.29
  04 1990  27.86   0.29
  05 1990  27.68   0.31
  06 1990  27.37   0.33
  07 1990  27.13   0.38
  08 1990  26.98   0.39
  09 1990  26.89   0.35
  10 1990  26.90   0.40
  11 1990  26.94   0.41
  12 1991  27.02   0.41
  01 1991  27.15   0.26
  02 1991  27.48   0.22
  03 1991  27.85   0.26
  04 1991  28.16   0.45
  05 1991  28.17   0.64
  06 1991  27.94   0.73
  07 1991  27.57   0.64
  08 1991  27.41   0.62
  09 1991  27.54   0.79
  10 1991  27.91   1.21
  11 1991  28.18   1.53
  12 1992  28.39   1.71
  01 1992  28.52   1.63
  02 1992  28.73   1.48
  03 1992  28.88   1.29
  04 1992  28.76   1.06
  05 1992  28.26   0.73
  06 1992  27.57   0.37
  07 1992  27.03   0.09
  08 1992  26.66  -0.13
  09 1992  26.50  -0.25
  10 1992  26.43  -0.28
  11 1992  26.52  -0.13
  12 1993  26.77   0.09
  01 1993  27.18   0.30
  02 1993  27.75   0.50
  03 1993  28.27   0.67
  04 1993  28.40   0.70
  05 1993  28.10   0.57
  06 1993  27.53   0.32
  07 1993  27.19   0.25
  08 1993  26.94   0.15
  09 1993  26.85   0.10
  10 1993  26.75   0.04
  11 1993  26.71   0.06
  12 1994  26.74   0.06
  01 1994  26.95   0.07
  02 1994  27.43   0.17
  03 1994  27.90   0.31
  04 1994  28.12   0.42
  05 1994  27.94   0.41
  06 1994  27.65   0.44
  07 1994  27.37   0.43
  08 1994  27.35   0.55
  09 1994  27.49   0.74
  10 1994  27.71   1.01
  11 1994  27.74   1.09
  12 1995  27.64   0.96
  01 1995  27.61   0.72
  02 1995  27.79   0.53
  03 1995  27.90   0.30
  04 1995  27.84   0.14
  05 1995  27.50  -0.03
  06 1995  26.97  -0.24
  07 1995  26.40  -0.54
  08 1995  25.99  -0.81
  09 1995  25.78  -0.97
  10 1995  25.70  -1.00
  11 1995  25.66  -0.98
  12 1996  25.76  -0.90
  01 1996  26.10  -0.75
  02 1996  26.65  -0.59
  03 1996  27.20  -0.39
  04 1996  27.40  -0.31
  05 1996  27.23  -0.30
  06 1996  26.93  -0.27
  07 1996  26.59  -0.32
  08 1996  26.39  -0.35
  09 1996  26.28  -0.40
  10 1996  26.17  -0.45
  11 1996  26.09  -0.49
  12 1997  26.12  -0.50
  01 1997  26.49  -0.36
  02 1997  27.14  -0.10
  03 1997  27.87   0.28
  04 1997  28.46   0.75
  05 1997  28.75   1.22
  06 1997  28.80   1.60
  07 1997  28.81   1.90
  08 1997  28.88   2.14
  09 1997  29.01   2.33
  10 1997  29.02   2.40
  11 1997  28.97   2.39
  12 1998  28.87   2.24
  01 1998  28.78   1.93
  02 1998  28.68   1.44
  03 1998  28.59   0.99
  04 1998  28.16   0.45
  05 1998  27.39  -0.13
  06 1998  26.42  -0.78
  07 1998  25.79  -1.12
  08 1998  25.44  -1.31
  09 1998  25.32  -1.35
  10 1998  25.14  -1.48
  11 1998  25.01  -1.57
  12 1999  25.08  -1.55
  01 1999  25.55  -1.30
  02 1999  26.17  -1.07
  03 1999  26.62  -0.98
  04 1999  26.68  -1.02
  05 1999  26.49  -1.04
  06 1999  26.10  -1.10
  07 1999  25.80  -1.11
  08 1999  25.58  -1.16
  09 1999  25.41  -1.26
  10 1999  25.16  -1.46
  11 1999  24.93  -1.65
  12 2000  24.96  -1.66
  01 2000  25.44  -1.41
  02 2000  26.17  -1.07
  03 2000  26.78  -0.81
  04 2000  27.00  -0.71
  05 2000  26.88  -0.64
  06 2000  26.65  -0.55
  07 2000  26.40  -0.51
  08 2000  26.20  -0.55
  09 2000  26.05  -0.63
  10 2000  25.88  -0.75
  11 2000  25.81  -0.74
  12 2001  25.88  -0.68
  01 2001  26.26  -0.52
  02 2001  26.76  -0.44
  03 2001  27.25  -0.34
  04 2001  27.49  -0.25
  05 2001  27.47  -0.12
  06 2001  27.20  -0.08
  07 2001  26.86  -0.13
  08 2001  26.63  -0.19
  09 2001  26.48  -0.29
  10 2001  26.37  -0.35
  11 2001  26.31  -0.31
  12 2002  26.44  -0.15
  01 2002  26.81   0.03
  02 2002  27.29   0.09
  03 2002  27.80   0.20
  04 2002  28.18   0.43
  05 2002  28.24   0.65
  06 2002  28.06   0.79
  07 2002  27.85   0.86
  08 2002  27.83   1.01
  09 2002  27.97   1.21
  10 2002  28.03   1.31
  11 2002  27.76   1.14
  12 2003  27.51   0.92
  01 2003  27.41   0.63
  02 2003  27.58   0.38
  03 2003  27.56  -0.04
  04 2003  27.48  -0.26
  05 2003  27.42  -0.16
  06 2003  27.35   0.08
  07 2003  27.20   0.21
  08 2003  27.08   0.26
  09 2003  27.05   0.29
  10 2003  27.07   0.35
  11 2003  26.97   0.35
  12 2004  26.95   0.37
  01 2004  27.08   0.31
  02 2004  27.43   0.23
  03 2004  27.76   0.17
  04 2004  27.91   0.17
  05 2004  27.87   0.28
  06 2004  27.74   0.47
  07 2004  27.63   0.64
  08 2004  27.52   0.70
  09 2004  27.44   0.67
  10 2004  27.38   0.66
  11 2004  27.30   0.69
  12 2005  27.22   0.64
  01 2005  27.36   0.58
  02 2005  27.65   0.45
  03 2005  28.02   0.43
  04 2005  28.03   0.29
  05 2005  27.69   0.11
  06 2005  27.21  -0.06
  07 2005  26.85  -0.14
  08 2005  26.71  -0.11
  09 2005  26.48  -0.29
  10 2005  26.15  -0.57
  11 2005  25.81  -0.81
  12 2006  25.80  -0.79
  01 2006  26.10  -0.67
  02 2006  26.73  -0.47
  03 2006  27.31  -0.28
  04 2006  27.69  -0.05
  05 2006  27.62   0.04
  06 2006  27.40   0.12
  07 2006  27.26   0.27
  08 2006  27.30   0.48
  09 2006  27.48   0.71
  10 2006  27.62   0.90
  11 2006  27.56   0.95
  12 2007  27.30   0.71
  01 2007  27.09   0.32
  02 2007  27.18  -0.03
  03 2007  27.37  -0.23
  04 2007  27.45  -0.29
  05 2007  27.18  -0.41
  06 2007  26.74  -0.54
  07 2007  26.15  -0.84
  08 2007  25.69  -1.13
  09 2007  25.37  -1.40
  10 2007  25.17  -1.54
  11 2007  25.02  -1.60
  12 2008  25.00  -1.59
  01 2008  25.35  -1.42
  02 2008  26.01  -1.19
  03 2008  26.67  -0.92
  04 2008  26.99  -0.75
  05 2008  27.04  -0.54
  06 2008  26.92  -0.35
  07 2008  26.73  -0.26
  08 2008  26.52  -0.30
  09 2008  26.36  -0.41
  10 2008  26.12  -0.60
  11 2008  25.88  -0.73
  12 2009  25.79  -0.80
  01 2009  26.08  -0.69
  02 2009  26.68  -0.52
  03 2009  27.36  -0.24
  04 2009  27.84   0.09
  05 2009  27.94   0.35
  06 2009  27.75   0.47
  07 2009  27.53   0.54
  08 2009  27.47   0.65
  09 2009  27.72   0.95
  10 2009  28.03   1.31
  11 2009  28.18   1.57
  12 2010  28.14   1.55
  01 2010  28.09   1.31
  02 2010  28.14   0.94
  03 2010  28.04   0.44
  04 2010  27.66  -0.09
  05 2010  27.00  -0.59
  06 2010  26.25  -1.03
  07 2010  25.61  -1.38
  08 2010  25.21  -1.61
  09 2010  25.07  -1.70
  10 2010  25.03  -1.69
  11 2010  25.02  -1.59
  12 2011  25.22  -1.37
  01 2011  25.68  -1.09
  02 2011  26.37  -0.83
  03 2011  26.95  -0.64
  04 2011  27.28  -0.47
  05 2011  27.21  -0.38
  06 2011  26.81  -0.46
  07 2011  26.33  -0.65
  08 2011  25.93  -0.89
  09 2011  25.70  -1.06
  10 2011  25.58  -1.14
  11 2011  25.58  -1.03
  12 2012  25.77  -0.81
  01 2012  26.15  -0.62
  02 2012  26.71  -0.50
  03 2012  27.21  -0.38
  04 2012  27.57  -0.18
  05 2012  27.64   0.05
  06 2012  27.54   0.27
  07 2012  27.32   0.33
  08 2012  27.13   0.31
  09 2012  26.98   0.21
  10 2012  26.73   0.01
  11 2012  26.41  -0.21
  12 2013  26.21  -0.38
  01 2013  26.44  -0.33
  02 2013  26.96  -0.24
  03 2013  27.38  -0.21
  04 2013  27.47  -0.27
  05 2013  27.24  -0.34
  06 2013  26.89  -0.38
  07 2013  26.64  -0.35
  08 2013  26.51  -0.31
  09 2013  26.54  -0.23
  10 2013  26.50  -0.22
  11 2013  26.35  -0.27
  12 2014  26.22  -0.37
  01 2014  26.41  -0.36
  02 2014  27.03  -0.17
  03 2014  27.73   0.13
  04 2014  28.04   0.30
  05 2014  27.82   0.23
  06 2014  27.34   0.07
  07 2014  27.02   0.03
  08 2014  27.00   0.18
  09 2014  27.21   0.44
  10 2014  27.31   0.59
  11 2014  27.28   0.66
  12 2015  27.19   0.60
  01 2015  27.34   0.56
  02 2015  27.82   0.62
  03 2015  28.38   0.79
  04 2015  28.76   1.02
  05 2015  28.83   1.25
  06 2015  28.81   1.54
  07 2015  28.82   1.83
  08 2015  28.93   2.11
  09 2015  29.14   2.37
  10 2015  29.25   2.53
  11 2015  29.26   2.64
  12 2016  29.12   2.53
  01 2016  29.01   2.23
  02 2016  28.88   1.68
  03 2016  28.62   1.03
  04 2016  28.22   0.48
  05 2016  27.59  -0.00
  06 2016  26.93  -0.34
  07 2016  26.42  -0.57
  08 2016  26.14  -0.68
  09 2016  26.02  -0.74
  10 2016  26.01  -0.71
  11 2016  26.06  -0.56
  12 2017  26.30  -0.29
  01 2017  26.71  -0.06
  02 2017  27.35   0.15
  03 2017  27.89   0.29
  04 2017  28.13   0.39
  05 2017  27.97   0.38
  06 2017  27.43   0.16
  07 2017  26.84  -0.14
  08 2017  26.38  -0.44
  09 2017  26.06  -0.70
  10 2017  25.84  -0.88
  11 2017  25.65  -0.97
  12 2018  25.73  -0.86
  01 2018  26.02  -0.75
  02 2018  26.60  -0.60
  03 2018  27.19  -0.41
  04 2018  27.61  -0.13
  05 2018  27.65   0.06
  06 2018  27.38   0.11
  07 2018  27.19   0.20
  08 2018  27.24   0.42
